1001
973 ввести_понятие 2 41 0 2 0 0 False
960 закрыть_раз 2 12 36 1 0 18 False
923 положить_двигатель 1 32 0 1 0 30 False
911 увеличить_объект 2 34 38 4 0 280 False
905 назвать_главное 2 90 27 5 1 320 False
903 понять_образование 1 39 77000 0 0 -1 True
900 произнести_заказ 2 44 15 3 0 142 False
894 перейти_водитель 2 20 18000 0 0 -1 True
890 заключить_источник 2 0 59 2 1 20 False
877 потерять_изображение 3 62 2 9 1 300 False
870 произнести_враг 1 7 12 9 5 52 False
863 сбить_покупатель 1 68 51 9 4 0 False
851 найти_блок 1 68 81000 0 0 -1 True
838 нарисовать_язык 2 62 8 7 2 297 False
824 нарушить_секретарь 1 73 83 0 0 100 False
821 оказать_шаг 3 0 0 10 7 186 False
820 подчеркнуть_завод 2 45 11 6 5 232 False
810 почувствовать_автобус 3 87 8 5 2 340 False
800 представить_творчество 3 17 97 1 0 138 False
792 сократить_режиссер 1 81 50 4 2 236 False
816 разбить_вход 7 11 18000 0 0 -1 True
950 расширить_производство 8 54 14 1 0 16 False
790 сохранить_царь 1 11 47 4 1 388 False
853 обязать_конфликт 9 63 85 10 1 168 False
789 нарисовать_показатель 3 12 92 5 0 40 False
784 охватить_долг 1 52 40 6 4 40 False
782 убедить_лагерь 1 24 35 0 0 144 False
772 заказать_князь 3 29 24 9 0 392 False
764 схватить_язык 1 89 52 6 4 0 False
763 обратить_снег 1 95 36000 0 0 -1 True
761 выдержать_понимание 1 73 37 4 2 142 False
759 подписать_сообщение 3 56 13000 0 0 -1 True
756 сократить_время 1 65 53 9 6 248 False
774 развести_лейтенант 12 45 40 3 1 34 False
753 прикрыть_последствие 1 47 80 7 4 234 False
752 подать_руководство 3 92 61 4 2 220 False
751 обрести_вечер 1 46 39 9 1 153 False
748 поразить_солдат 2 27 15 4 1 186 False
813 остановить_след 7 38 72 0 0 30 False
746 покачать_июнь 1 85 38 10 0 132 False
744 убедить_действие 1 85 2 3 2 40 False
742 заявить_сердце 2 7 56 9 2 70 False
728 осуществить_контакт 1 89 55 4 3 6 False
727 разрешить_требование 1 80 45 3 1 54 False
725 обмануть_рождение 2 26 6 0 0 12 False
722 кончить_солдат 2 24 28 0 0 212 False
717 одеть_механизм 1 88 6 9 0 178 False
858 предназначить_учет 12 60 67000 0 0 -1 True
715 спрятать_обеспечение 2 22 8000 0 0 -1 True
704 обсудить_собрание 1 87 96000 0 0 -1 True
693 записать_клиент 1 16 40 3 2 0 False
771 записать_царь 5 95 0 0 0 270 False
692 подождать_показатель 3 93 4 0 0 64 False
687 предъявить_клиент 1 0 93 7 0 336 False
684 собрать_стул 2 21 63 2 1 104 False
676 вынести_сюжет 3 57 77 6 1 57 False
690 поймать_вариант 10 19 35 1 0 376 False
675 выбрать_исследование 1 29 95 9 2 0 False
674 вложить_бюджет 3 9 4 4 0 6 False
819 изобразить_сочинение 8 93 92 10 4 84 False
951 заинтересовать_следствие 20 31 43000 0 0 -1 True
667 расположить_ремонт 2 88 92 4 2 44 False
664 подготовить_указание 3 69 68000 0 0 -1 True
663 наполнить_мир 2 50 14 3 2 135 False
661 узнать_вход 3 99 27 0 0 96 False
660 разбудить_рубеж 3 30 46 1 0 16 False
832 обрести_звук 4 72 74 6 1 4 False
659 поглядеть_следователь 1 65 0 6 5 26 False
714 схватить_кадр 9 41 37 4 0 120 False
652 сказать_открытие 1 48 84000 0 0 -1 True
657 вложить_центр 2 35 29 4 3 190 False
650 предположить_зал 1 49 3 8 7 276 False
649 вложить_вещество 3 42 69 3 2 320 False
647 изучить_снижение 2 65 95000 0 0 -1 True
711 обрести_средство 2 2 88 7 5 328 False
642 спасти_мост 2 56 41 3 0 364 False
641 прислать_добро 1 21 0 9 3 100 False
637 продать_войско 1 7 5 5 2 232 False
878 предоставить_поле 9 0 87000 0 0 -1 True
633 потерять_вкус 3 67 55 5 2 0 False
631 увеличить_сын 1 26 82000 0 0 -1 True
630 сообразить_лидер 2 12 33 9 6 96 False
625 выслушать_контроль 3 36 0 0 0 88 False
619 послать_план 2 77 18 5 1 168 False
639 перебить_воздействие 8 1 16 1 0 396 False
617 исполнить_производство 2 11 80 2 1 207 False
720 лишить_господь 6 83 95 4 0 88 False
616 посвятить_объяснение 1 0 1 8 4 84 False
615 засыпать_эксперт 2 66 95 1 0 84 False
680 предложить_бок 4 98 21 7 5 26 False
611 бросить_лагерь 1 77 6000 0 0 -1 True
609 пообещать_объект 1 57 94 10 5 16 False
805 указать_сезон 11 9 77 9 5 52 False
607 обусловить_университет 1 54 47 6 5 46 False
605 налить_процесс 3 0 75 1 0 150 False
603 ощутить_чемпионат 1 5 39000 0 0 -1 True
601 разглядеть_отдел 2 0 13 7 4 14 False
669 проиграть_американец 11 57 27000 0 0 -1 True
599 завести_мастер 2 0 77000 0 0 -1 True
598 удивить_окно 1 2 50 10 4 16 False
954 преодолеть_век 11 41 73 1 0 52 False
594 запомнить_фактор 2 8 5 6 5 184 False
592 завершить_месяц 2 96 0 7 2 150 False
591 переводить_сигнал 1 8 63 8 6 324 False
589 прервать_сожаление 3 4 71 4 0 294 False
585 окончить_контакт 2 5 56 10 6 40 False
735 привезти_лейтенант 14 27 31 8 1 198 False
580 потребовать_шум 1 17 20 6 0 54 False
576 придумать_значение 3 77 80 7 6 182 False
575 поймать_контроль 2 84 46 6 1 168 False
570 доставить_герой 1 58 12 9 3 0 False
768 сказать_тело 11 69 0 6 5 165 False
569 занять_фронт 2 31 42000 0 0 -1 True
707 выпить_препарат 4 24 86 6 1 58 False
801 взять_свет 12 93 5 0 0 57 False
825 родить_обучение 14 2 61 3 0 6 False
568 потянуть_сомнение 3 89 72000 0 0 -1 True
762 назвать_бок 5 1 57 1 0 27 False
567 закурить_врач 3 49 29 4 1 225 False
564 надеть_стол 1 0 80 3 2 192 False
563 повернуть_князь 3 98 93 4 2 10 False
559 послать_москвич 3 27 53 9 0 92 False
555 доложить_расчет 2 0 95000 0 0 -1 True
553 выслушать_директор 3 52 80 2 0 48 False
548 разбудить_яблоко 1 46 55 4 3 164 False
547 съесть_вход 2 91 55 8 6 248 False
544 предупредить_выполнение 3 16 50 0 0 32 False
541 предупредить_обращение 1 0 23 4 3 6 False
699 привлечь_помещение 7 58 33 9 5 156 False
817 взять_сосед 17 39 86 4 2 80 False
540 допустить_войско 2 97 11 2 0 56 False
538 использовать_вкус 1 29 19 4 3 192 False
917 разрушить_выбор 7 0 48 8 2 26 False
537 послать_отделение 3 0 71000 0 0 -1 True
565 сообразить_существование 5 92 11 6 4 372 False
536 заходить_нос 1 3 39000 0 0 -1 True
532 успокоить_стул 1 18 42 4 2 122 False
529 создать_детство 2 19 0 10 6 117 False
526 налить_контакт 3 87 47 8 2 222 False
525 подчеркнуть_отношение 2 10 94 1 0 210 False
523 вынести_вариант 1 17 29 3 1 62 False
521 отменить_добро 3 0 82000 0 0 -1 True
520 разрешить_совет 2 41 53 0 0 0 False
518 уходить_художник 2 51 70 6 2 292 False
791 напомнить_порядок 8 21 96 7 6 150 False
841 запомнить_художник 15 12 77 7 5 84 False
515 поймать_стол 3 3 0 3 0 68 False
511 понять_начальство 2 94 74 2 1 124 False
509 повернуть_университет 2 37 67 6 4 170 False
505 сбить_плечо 2 61 24 9 4 288 False
504 посетить_русский 3 20 49 5 2 176 False
502 реализовать_ответ 3 34 27000 0 0 -1 True
499 покинуть_поэт 2 35 22 4 2 222 False
613 сбить_кризис 8 45 79 1 0 15 False
497 гарантировать_брат 1 0 71 0 0 63 False
493 выделить_запах 2 79 38 1 0 172 False
498 выразить_выбор 3 85 72 9 6 24 False
489 сложить_обеспечение 1 94 53 4 1 24 False
919 пожать_полет 6 50 94 2 0 141 False
484 произнести_сапог 2 94 41 5 4 304 False
483 указать_повышение 3 45 78 1 0 255 False
600 позвать_существо 5 15 0 0 0 328 False
481 объявить_испытание 1 84 6 8 3 270 False
480 совершить_февраль 1 95 26 8 4 38 False
857 обратить_образование 10 19 0 0 0 152 False
475 построить_майор 2 2 3 1 0 84 False
474 выразить_сомнение 2 3 43 4 0 58 False
539 удивить_войско 7 57 51 3 1 102 False
473 исследовать_интерес 2 74 61 10 1 0 False
671 сбросить_имущество 14 17 3 5 4 88 False
472 начать_нарушение 3 2 15 2 1 0 False
758 развести_список 7 62 0 0 0 184 False
471 провести_вес 2 37 65 9 0 186 False
470 задержать_восток 2 45 13 1 0 93 False
468 увидеть_председатель 3 0 11 6 1 142 False
466 изобразить_сомнение 2 83 0 3 1 195 False
465 повторить_последствие 1 72 38 0 0 12 False
496 вынудить_порядок 1 77 43000 0 0 -1 True
462 привести_кофе 3 30 7 6 4 288 False
654 написать_описание 10 60 0 1 0 174 False
461 покинуть_зеркало 1 22 20 9 2 0 False
460 пустить_день 3 59 63 0 0 225 False
546 выпустить_угол 5 21 0 2 1 4 False
457 понести_вечер 1 44 16 3 2 18 False
456 доставить_выступление 2 21 66 8 1 122 False
451 почувствовать_выход 2 98 23 3 2 66 False
450 убедить_существование 1 58 0 3 2 100 False
449 нанести_сигнал 3 56 0 0 0 244 False
448 поддержать_мгновение 1 86 99000 0 0 -1 True
446 покрыть_случай 1 11 50 5 2 104 False
445 приобрести_зрение 1 10 86 6 2 243 False
444 выбрать_этаж 3 3 21 2 0 2 False
634 простить_руководство 12 50 54 5 2 279 False
441 прошептать_депутат 1 0 0 1 0 106 False
439 пропустить_последствие 3 79 64 1 0 78 False
859 доложить_год 4 27 76 6 2 168 False
437 сравнить_следствие 1 95 89 1 0 32 False
549 реализовать_адрес 12 2 0 6 5 158 False
646 подарить_ученый 18 2 89 7 0 186 False
710 выбросить_понимание 27 61 74 7 0 96 False
843 заинтересовать_фактор 34 13 27 5 4 0 False
865 сформулировать_шум 39 96 0 5 2 344 False
436 посадить_сентябрь 3 0 13 3 0 288 False
435 установить_изменение 2 17 57 0 0 183 False
534 убить_качество 2 0 75 9 5 0 False
430 довести_событие 3 50 31000 0 0 -1 True
427 развести_смысл 3 24 86 9 6 316 False
651 установить_крик 14 44 55 1 0 168 False
426 вспомнить_комитет 2 15 30 7 5 0 False
424 пережить_пункт 1 18 21000 0 0 -1 True
506 обязать_союз 3 0 77000 0 0 -1 True
423 доставить_подход 2 0 0 6 4 82 False
694 полюбить_заместитель 10 0 67 7 2 174 False
421 понести_капитан 1 8 21 7 1 0 False
419 наполнить_стиль 1 0 18000 0 0 -1 True
418 выбрать_горло 3 84 0 8 2 171 False
414 обусловить_апрель 3 0 89 7 2 156 False
412 переехать_американец 2 3 73 10 1 258 False
477 прочитать_разрешение 13 12 90 2 0 126 False
478 подтвердить_дерево 16 30 66 4 0 294 False
411 упомянуть_взгляд 1 54 32 9 8 196 False
410 допустить_зрение 3 66 58 3 1 240 False
409 вспомнить_организм 3 64 0 10 7 220 False
769 посадить_работник 15 72 13 10 1 180 False
408 доказать_воспоминание 2 93 15000 0 0 -1 True
501 выглядеть_отсутствие 3 43 62 0 0 60 False
407 связать_смысл 2 42 54 7 5 153 False
875 понести_родственник 9 36 17 0 0 116 False
404 объединить_учитель 1 21 90 6 1 99 False
402 заказать_лейтенант 1 95 18 5 1 24 False
400 связать_право 3 81 77 1 0 156 False
398 оставить_депутат 3 42 30 1 0 380 False
925 предъявить_грех 19 17 80 7 1 126 False
394 доставить_прокурор 3 0 47 1 0 4 False
577 поставить_собрание 4 38 98 6 2 81 False
391 находить_удивление 3 89 62 0 0 102 False
485 снять_транспорт 4 61 62000 0 0 -1 True
390 повезти_приказ 2 29 28 10 8 70 False
963 включить_собрание 23 59 7 6 1 45 False
388 научить_село 2 39 5 0 0 8 False
385 исключить_угол 3 55 46 6 2 168 False
382 освободить_произведение 3 50 19 10 9 0 False
517 обеспечить_молоко 14 25 38 3 2 0 False
380 установить_фронт 2 60 17000 0 0 -1 True
702 назначить_канал 2 79 76 9 2 208 False
802 окончить_выполнение 13 51 42 1 0 54 False
379 подождать_дух 2 83 20 6 5 186 False
926 оторвать_конкурс 9 13 32 0 0 45 False
378 построить_студент 1 48 9 2 0 9 False
373 прекратить_село 3 0 48000 0 0 -1 True
372 кончить_кабинет 1 90 96 0 0 12 False
397 убрать_режим 1 70 38 9 5 246 False
977 подождать_сомнение 12 15 79 9 4 195 False
371 наполнить_море 2 99 58 7 6 30 False
370 открыть_фон 3 0 27 1 0 84 False
366 расположить_применение 3 61 52000 0 0 -1 True
364 потянуть_житель 2 44 8 8 2 183 False
834 предложить_автобус 11 48 69 8 7 170 False
363 устроить_содержание 1 0 55000 0 0 -1 True
507 пробормотать_известие 3 80 53000 0 0 -1 True
362 придумать_отказ 1 5 7 6 3 273 False
716 вложить_контакт 8 33 0 3 2 190 False
777 разобрать_костюм 11 80 1 0 0 82 False
360 начать_понимание 2 94 44 9 0 138 False
357 вытянуть_партнер 3 72 96 1 0 252 False
354 выставить_срок 3 93 73 5 2 21 False
352 приготовить_дым 2 61 72 9 0 110 False
528 испытать_король 11 59 98000 0 0 -1 True
351 заменить_внимание 1 92 25 2 1 312 False
724 направить_берег 5 74 75000 0 0 -1 True
350 произнести_вес 2 85 28000 0 0 -1 True
597 переводить_поколение 2 20 92 2 0 164 False
348 развернуть_масло 1 18 53000 0 0 -1 True
387 оценить_оружие 2 34 91 6 3 108 False
347 выносить_собрание 3 36 38000 0 0 -1 True
734 ощутить_эксперт 3 69 9 9 3 27 False
345 проверить_поэт 1 97 48 1 0 0 False
344 заменить_противник 1 87 76 4 0 320 False
556 собрать_производство 9 91 48 8 1 360 False
881 продать_вкус 18 33 16 2 0 156 False
342 заработать_выход 3 7 21 4 0 232 False
340 одеть_подход 1 15 62000 0 0 -1 True
338 записать_билет 2 36 70 0 0 225 False
337 посоветовать_руководитель 3 0 24000 0 0 -1 True
334 находить_год 1 77 20 0 0 180 False
333 заложить_бог 3 54 47 7 5 42 False
500 утратить_горло 10 71 53000 0 0 -1 True
620 спросить_фон 12 89 81 10 5 204 False
332 положить_лагерь 1 29 85 6 2 68 False
495 расположить_запас 9 27 19 1 0 180 False
912 разбить_раз 12 16 26 4 2 120 False
331 передать_чемпионат 1 23 70 7 6 52 False
747 покинуть_имущество 10 54 0 7 3 344 False
330 поднять_лед 2 91 1 10 2 16 False
596 позвать_использование 12 17 24 10 9 108 False
328 сменить_использование 2 10 53000 0 0 -1 True
368 назначить_специалист 2 53 89 0 0 144 False
512 проиграть_большинство 2 3 64 3 2 172 False
868 удивить_фон 19 4 36 9 2 192 False
936 исполнить_признак 45 89 37 3 2 26 False
327 остановить_февраль 3 21 0 2 1 153 False
321 вытянуть_показатель 2 84 15000 0 0 -1 True
320 предложить_изучение 1 91 38000 0 0 -1 True
367 проявить_текст 2 0 32 3 1 128 False
319 получить_доллар 3 7 88 4 2 204 False
318 скрыть_формирование 2 10 56 0 0 126 False
775 исследовать_исполнение 3 67 0 0 0 364 False
317 назвать_восток 3 0 23 9 2 112 False
315 выслушать_коммунист 2 0 95 10 6 0 False
467 заслужить_хлеб 12 37 93 3 0 0 False
623 окружить_миллион 15 1 72 1 0 66 False
314 разобрать_сожаление 1 0 44 8 6 84 False
313 выдержать_зуб 2 54 86 10 4 0 False
479 объявить_страх 14 63 63 8 6 27 False
312 объяснить_будущее 2 7 0 5 2 388 False
311 оценить_волос 2 43 32 10 4 276 False
309 преодолеть_дыхание 3 75 31 5 0 160 False
392 подписать_удовольствие 10 70 0 10 9 54 False
401 скрыть_воздух 21 0 10 0 0 16 False
788 приказать_глава 21 27 62000 0 0 -1 True
306 принять_шум 3 21 88 5 1 123 False
305 отметить_депутат 2 67 18 5 3 64 False
612 пожать_доказательство 8 86 58 10 0 184 False
302 предназначить_специалист 2 93 41 5 0 364 False
550 уточнить_мероприятие 9 23 40 10 6 50 False
618 потерять_влияние 21 31 52 0 0 94 False
301 опубликовать_сожаление 2 50 35000 0 0 -1 True
300 положить_бок 1 0 68 0 0 4 False
627 ограничить_организм 1 50 68000 0 0 -1 True
299 оценить_сигнал 1 99 56 2 0 0 False
298 заплакать_лидер 2 82 65 3 1 0 False
731 отправить_ухо 12 95 69 10 5 80 False
297 счесть_апрель 1 16 63 5 4 100 False
678 нанести_папа 8 3 84000 0 0 -1 True
296 выставить_оружие 2 27 52 3 0 72 False
628 разбить_строительство 7 0 12 2 1 32 False
640 пригласить_вирус 10 71 71 0 0 88 False
668 устроить_право 12 76 19 9 8 304 False
295 заходить_сердце 1 54 86 7 5 16 False
572 полюбить_стол 8 3 64 4 1 112 False
294 достать_клиент 3 7 14 8 7 0 False
293 ввести_страх 2 34 75 1 0 62 False
292 выбросить_опыт 1 98 59 8 4 6 False
420 записать_повышение 11 37 61 2 0 0 False
562 организовать_дом 14 73 78 9 0 140 False
703 успокоить_содержание 23 19 89000 0 0 -1 True
993 выразить_ожидание 25 24 44 1 0 186 False
291 начать_герой 3 0 41000 0 0 -1 True
289 допустить_участник 2 41 98 9 7 94 False
288 повторить_пол 3 2 19 7 1 0 False
855 испытать_поведение 11 85 25 5 2 210 False
286 обрести_настроение 2 21 85 2 1 110 False
508 извинить_сотрудник 5 58 31 1 0 20 False
653 пустить_автор 8 80 35 6 3 156 False
766 заметить_знание 15 57 54 4 1 84 False
284 проверить_блок 2 44 32000 0 0 -1 True
551 выбросить_поколение 4 90 57 5 0 222 False
283 пустить_танец 2 22 29000 0 0 -1 True
527 сказать_сбор 3 35 2 0 0 296 False
281 посадить_характер 1 28 81 2 1 84 False
487 окружить_чай 13 0 25 6 1 192 False
279 открыть_звук 2 93 88 4 1 268 False
560 проявить_народ 8 35 13000 0 0 -1 True
277 заменить_масштаб 3 21 90 2 0 48 False
806 отменить_памятник 6 78 93 7 3 66 False
274 передавать_клуб 3 91 82000 0 0 -1 True
271 предложить_воспоминание 3 88 15 9 3 78 False
593 заплакать_телефон 12 65 96 6 1 204 False
268 выносить_объект 3 86 8000 0 0 -1 True
267 ощутить_долг 2 71 76 7 5 150 False
324 засыпать_гражданин 11 34 0 9 0 164 False
670 прижать_труд 21 59 27 7 4 88 False
266 выяснить_целое 2 15 76 3 0 244 False
265 освободить_сентябрь 3 21 59 8 0 40 False
263 расширить_место 2 48 91 2 1 0 False
874 рассказать_бой 11 64 58 3 2 204 False
262 схватить_TRUE 1 37 66 5 1 372 False
269 разглядеть_стекло 6 10 43 9 6 194 False
260 покрыть_статус 1 70 85 1 0 188 False
259 воскликнуть_корень 1 0 65 9 7 207 False
258 поглядеть_срок 1 48 42 7 2 72 False
257 доказать_царь 3 7 54 9 2 156 False
256 сменить_рождение 2 75 58000 0 0 -1 True
255 утвердить_сотрудничество 3 48 24000 0 0 -1 True
254 выбрать_том 2 71 64000 0 0 -1 True
253 выбрать_огонь 1 49 0 5 3 4 False
781 заинтересовать_знание 9 43 93 4 1 356 False
252 установить_продукт 2 40 88 3 0 39 False
510 выпустить_курс 6 34 71000 0 0 -1 True
250 окончить_цвет 2 91 44 0 0 129 False
249 убедить_лоб 2 99 99 2 1 148 False
280 прервать_статус 5 54 13000 0 0 -1 True
928 украсть_акт 6 93 83000 0 0 -1 True
248 пожалеть_чудо 2 19 80 2 0 50 False
361 прикрыть_гость 5 46 31 7 6 44 False
247 обрести_мальчишка 3 7 83 0 0 270 False
469 заслужить_определение 3 10 32000 0 0 -1 True
246 определить_выбор 2 48 33 2 1 324 False
245 родить_место 1 0 25 9 2 188 False
244 опубликовать_вид 3 59 0 1 0 81 False
349 разглядеть_глава 6 96 39 4 0 10 False
243 придумать_господь 3 0 28 5 2 288 False
278 совершить_капитал 9 35 95 5 3 182 False
666 посмотреть_момент 14 83 84 5 0 87 False
242 призвать_противник 1 66 0 10 5 0 False
403 увеличить_край 11 58 49 5 1 80 False
241 заменить_шаг 2 52 88 8 0 249 False
240 отпустить_коридор 3 16 85 3 1 78 False
239 расширить_прием 1 87 40000 0 0 -1 True
413 заплакать_продукт 3 81 60000 0 0 -1 True
765 собрать_метр 5 0 0 6 4 186 False
238 взять_повод 1 61 0 2 0 96 False
638 подготовить_сигнал 5 6 65 9 7 153 False
237 выбросить_рубеж 2 12 68 0 0 0 False
689 поставить_мозг 3 62 4 5 0 90 False
822 расстрелять_усилие 10 46 22 2 0 52 False
235 изложить_след 3 9 5 7 4 42 False
442 включить_руководитель 11 57 45 0 0 165 False
234 выделить_успех 1 23 16 9 8 195 False
836 сказать_дыхание 10 83 14000 0 0 -1 True
233 понести_сомнение 3 94 19 1 0 87 False
272 опустить_солдат 6 78 82 10 2 176 False
232 выбрать_сентябрь 2 0 49 2 1 172 False
907 назвать_комитет 5 62 82 5 0 207 False
231 вынести_рубль 3 78 90 1 0 104 False
310 прервать_князь 5 0 36 10 8 39 False
871 запомнить_присутствие 15 28 19 4 2 264 False
229 предназначить_бой 1 95 28 3 1 261 False
228 нарушить_сюжет 2 98 98 3 2 123 False
729 покачать_муж 6 10 97000 0 0 -1 True
227 вытащить_приятель 3 25 56 1 0 132 False
705 достигнуть_камень 29 79 16 0 0 0 False
226 продолжить_рождение 3 6 65 3 1 99 False
225 сохранить_предприятие 3 32 63 7 6 216 False
543 организовать_труд 11 91 0 1 0 156 False
224 сложить_изучение 3 25 24 1 0 352 False
377 заплакать_восторг 6 11 0 8 0 184 False
393 напечатать_отдел 16 25 7000 0 0 -1 True
712 прислать_поэт 18 55 72 8 7 160 False
222 пожать_суть 2 0 66 8 1 228 False
307 обнять_строительство 11 0 0 6 1 204 False
416 заметить_звонок 18 63 88 2 0 364 False
221 выделить_плечо 2 18 69 6 5 0 False
339 выдержать_нож 8 22 25 1 0 117 False
220 заплатить_ключ 3 24 89 1 0 27 False
219 сообщить_объект 1 79 5 0 0 136 False
218 начать_муж 2 87 85 1 0 267 False
217 сформулировать_расчет 3 89 12 4 2 276 False
216 исключить_угол 2 86 70 5 1 4 False
574 пустить_капитал 7 74 62 0 0 76 False
215 связать_аппарат 2 53 7 6 4 136 False
672 исполнить_владелец 8 61 3 1 0 244 False
214 превратить_поселок 2 24 21 2 0 0 False
213 опустить_направление 3 23 33 8 4 100 False
531 разбудить_ветер 12 41 19 4 0 6 False
588 подвести_молоко 16 41 41 5 3 0 False
212 изложить_рост 3 34 28 6 0 176 False
211 покрыть_управление 3 95 53 5 3 288 False
308 обязать_депутат 9 95 71 3 1 213 False
210 найти_апрель 1 28 23 3 2 195 False
869 расстрелять_сентябрь 8 21 15 3 2 44 False
209 допустить_определение 1 90 46 1 0 126 False
428 обнять_воздух 2 71 59000 0 0 -1 True
208 освободить_ожидание 2 0 68000 0 0 -1 True
287 заплакать_врач 2 37 55 0 0 26 False
709 потребовать_наличие 4 5 25 8 3 165 False
207 научить_дурак 1 60 6 7 5 180 False
503 пожалеть_использование 9 94 26 1 0 0 False
708 нарисовать_ученик 11 62 78 4 0 396 False
205 разделить_вход 1 20 74 5 0 0 False
656 заполнить_человек 8 91 88 3 0 324 False
721 пожать_рост 11 35 85 5 3 171 False
204 встретить_бок 3 83 61 2 0 0 False
837 заменить_обязательство 7 90 28 2 0 30 False
872 обойти_смех 10 76 2 6 4 0 False
201 прислать_сон 2 0 50 4 2 308 False
303 определить_изучение 8 91 37 1 0 216 False
197 назначить_переход 3 84 80 5 3 300 False
196 прочесть_класс 2 22 21000 0 0 -1 True
194 ограничить_шаг 3 26 60 6 4 0 False
335 сохранить_восторг 9 33 16 10 8 189 False
718 сбросить_процесс 20 77 75 9 4 180 False
887 выносить_мастер 29 47 20 4 2 258 False
192 кончить_этаж 1 55 67 0 0 0 False
190 заплатить_достоинство 1 80 17 5 0 148 False
188 оформить_замок 2 42 95000 0 0 -1 True
187 увидеть_судья 3 52 60000 0 0 -1 True
794 спасти_аппарат 11 36 21 5 1 112 False
186 опустить_запад 3 26 66 8 4 128 False
183 превратить_отдел 2 0 29 0 0 0 False
182 написать_платье 3 95 37 1 0 140 False
522 сбить_средство 4 73 2 3 1 141 False
181 попросить_мозг 3 40 97 10 1 8 False
934 заключить_билет 17 78 56 2 0 64 False
180 поймать_учитель 3 43 96 2 0 118 False
463 разрешить_способ 11 2 27 0 0 60 False
179 попросить_правило 2 67 41000 0 0 -1 True
454 оторвать_счет 2 93 82 1 0 106 False
882 разбудить_подразделение 5 33 91 8 1 99 False
178 выдержать_явление 2 88 39000 0 0 -1 True
864 преодолеть_движение 14 19 52 6 4 168 False
177 доставить_сообщение 2 50 0 9 3 123 False
273 протянуть_выступление 12 75 17 2 1 130 False
176 подарить_ответ 3 9 72 6 0 66 False
679 выглядеть_знакомый 11 77 88000 0 0 -1 True
175 допустить_стекло 2 63 92000 0 0 -1 True
174 обозначить_зуб 3 68 70 7 2 210 False
173 описать_средство 1 45 22 5 0 3 False
429 расположить_кофе 8 30 31000 0 0 -1 True
172 произнести_объект 3 96 50 9 1 51 False
171 дать_воспоминание 1 55 78000 0 0 -1 True
206 избрать_курс 2 59 33 6 3 156 False
170 ранить_испытание 3 56 18 6 3 270 False
876 переводить_стиль 23 28 70 4 0 100 False
921 изобразить_описание 29 41 0 8 2 0 False
169 заговорить_расход 3 30 99 2 1 152 False
542 отложить_фонд 5 28 96 9 1 148 False
629 закурить_нос 14 30 95 9 3 20 False
682 описать_театр 25 83 55 3 2 0 False
168 выяснить_ноябрь 3 13 47 2 1 195 False
165 указать_факт 1 0 48 3 0 63 False
486 сделать_сердце 6 55 61 6 3 148 False
164 прочитать_обеспечение 3 63 15 10 3 0 False
443 выявить_угол 13 32 76 1 0 42 False
561 пробормотать_брат 14 13 60 0 0 138 False
163 выносить_успех 3 22 0 6 0 212 False
488 разрушить_кино 11 42 79 6 4 75 False
909 вытащить_костюм 18 18 25 8 3 8 False
931 опубликовать_восток 28 99 69 8 4 0 False
162 научить_дурак 1 3 0 1 0 160 False
455 выносить_том 2 90 82 2 0 174 False
161 предъявить_совет 3 0 84 4 2 78 False
316 пояснить_шаг 8 28 41000 0 0 -1 True
160 поставить_дело 1 44 0 1 0 224 False
159 понять_кресло 3 42 0 10 2 8 False
167 сломать_автомат 14 41 0 3 1 0 False
566 поцеловать_целое 17 14 78 1 0 110 False
713 достигнуть_срок 19 61 64 9 1 18 False
158 выделить_сочинение 1 57 56 0 0 0 False
406 вызвать_следователь 5 30 39 3 1 0 False
677 объявить_население 23 78 94 4 3 160 False
157 наполнить_комплекс 3 89 44 7 4 6 False
452 подтвердить_лоб 11 65 77 10 2 152 False
156 прошептать_состав 2 88 57 3 1 352 False
155 разбудить_июнь 1 43 25000 0 0 -1 True
154 сократить_растение 3 19 37000 0 0 -1 True
571 обязать_дядя 4 32 4000 0 0 -1 True
153 исследовать_бюджет 3 15 0 6 3 225 False
723 высказать_кадр 9 18 48 8 6 0 False
152 вытащить_диван 1 80 80 6 2 360 False
151 удивить_организм 3 80 0 6 5 195 False
464 обнаружить_приказ 10 16 13 5 1 153 False
757 завести_количество 16 54 70 4 3 272 False
830 победить_снижение 20 26 46000 0 0 -1 True
149 отправить_декабрь 1 64 62 0 0 140 False
147 назначить_здоровье 3 25 32 6 0 102 False
799 снять_шум 11 50 82 9 1 237 False
840 прикрыть_здоровье 22 15 79000 0 0 -1 True
146 уточнить_журналист 1 35 57 3 2 16 False
145 выдержать_характер 3 1 95000 0 0 -1 True
326 поцеловать_дух 3 63 85 10 8 0 False
432 сыграть_параметр 14 85 43 1 0 78 False
144 оформить_автомобиль 2 81 12 3 1 6 False
733 отказать_клиент 5 6 13 1 0 54 False
884 поставить_кусок 15 49 96 7 4 183 False
143 выставить_журналист 2 42 34 6 0 94 False
142 ввести_июнь 3 44 0 4 0 84 False
395 повторить_правило 7 88 4 0 0 140 False
803 получить_отец 11 37 58 1 0 192 False
827 разработать_статус 12 69 48 10 2 195 False
141 разбудить_конкурс 1 72 63 7 6 0 False
739 проиграть_место 29 0 35 2 0 111 False
140 понять_класс 2 0 32 4 0 24 False
818 выполнить_поиск 22 0 97 1 0 188 False
138 ограничить_показатель 1 1 58 2 0 132 False
376 заслужить_свидетель 3 0 45 3 1 114 False
587 достигнуть_костюм 10 68 0 2 1 276 False
854 подчеркнуть_автор 14 85 59 8 2 104 False
137 поцеловать_вирус 1 73 0 0 0 123 False
384 приказать_определение 9 38 32 9 3 248 False
136 упомянуть_запах 1 91 7 5 2 16 False
490 отнести_лев 14 50 96000 0 0 -1 True
135 издать_разрешение 3 77 81000 0 0 -1 True
645 набрать_участник 10 13 25 0 0 40 False
726 наполнить_куст 10 19 84 1 0 207 False
134 использовать_успех 1 18 79 10 6 120 False
133 рассмотреть_ход 2 86 75 7 0 352 False
453 арестовать_водитель 10 44 31 5 4 33 False
458 пережить_основание 15 93 2 5 2 94 False
662 послушать_оружие 21 77 80 5 0 2 False
786 достать_занятие 26 46 80 7 5 192 False
798 разбудить_использование 33 0 55000 0 0 -1 True
132 обозначить_войско 2 62 95000 0 0 -1 True
533 отметить_кулак 4 72 9 5 4 0 False
131 продолжить_небо 1 77 5 0 0 144 False
736 выглядеть_общество 11 45 98 3 1 246 False
767 продолжить_мгновение 16 0 37 5 1 40 False
130 расположить_платье 1 3 14 10 9 108 False
389 выяснить_растение 12 18 73 2 1 252 False
516 выносить_расчет 14 12 91 2 1 207 False
809 арестовать_дерево 22 25 92000 0 0 -1 True
129 потребовать_договор 3 0 43 4 2 144 False
125 прожить_усилие 3 67 30 6 4 186 False
282 утратить_круг 11 51 82 3 0 264 False
608 продать_сад 16 38 21 4 0 128 False
124 завершить_американец 2 85 72 5 1 192 False
123 выразить_убийство 2 0 0 9 0 108 False
203 перевести_появление 12 0 32 9 3 0 False
405 повесить_производство 22 31 33 9 0 42 False
476 установить_поезд 31 44 23000 0 0 -1 True
122 потребовать_министр 2 54 84 9 8 288 False
356 посадить_февраль 13 98 27 2 0 124 False
121 внести_учреждение 2 0 29 10 3 28 False
610 убедить_билет 12 84 0 8 4 180 False
922 заговорить_хвост 22 75 22 3 0 0 False
995 подождать_руководитель 29 21 66 9 4 180 False
120 закончить_университет 3 45 61 7 0 0 False
119 повезти_пункт 1 26 71000 0 0 -1 True
199 пустить_дядя 3 89 61 9 2 16 False
118 предусмотреть_применение 1 22 43000 0 0 -1 True
622 оценить_повышение 2 94 25 6 2 0 False
773 покрыть_чудо 10 59 19 9 6 182 False
828 оформить_уход 33 0 96 5 0 78 False
117 посвятить_приказ 1 56 17 5 0 40 False
583 выделить_обстоятельство 6 9 59 4 3 120 False
116 подписать_студент 2 56 88 5 2 102 False
285 завершить_стол 9 90 76 2 0 117 False
823 заметить_мероприятие 13 0 36000 0 0 -1 True
115 выбросить_депутат 1 23 55 9 0 182 False
396 надеть_поколение 10 61 75 7 5 90 False
114 опубликовать_воздействие 3 64 8 3 1 0 False
846 позволить_полковник 8 98 13 6 0 100 False
892 сдать_коллектив 20 73 0 7 6 210 False
933 ввести_назначение 29 70 0 10 4 273 False
956 увидеть_показатель 41 0 0 10 2 376 False
113 простить_название 3 47 80 9 7 0 False
835 составить_множество 22 77 84 10 1 268 False
112 пробормотать_мужчина 1 0 12 3 0 0 False
111 сбросить_роман 2 90 31 10 9 288 False
276 закрыть_депутат 12 0 0 7 3 10 False
304 прикрыть_договор 19 84 93 3 0 0 False
929 рекомендовать_оружие 23 44 66 0 0 120 False
110 позволить_угол 2 82 21 4 0 144 False
109 забыть_пистолет 1 0 0 3 0 0 False
108 связать_сон 3 23 53 10 6 124 False
107 преодолеть_мозг 2 87 0 7 5 40 False
491 представить_рубль 10 97 55 6 5 72 False
632 упомянуть_творчество 18 99 41 2 1 0 False
941 определить_аппарат 33 65 63 1 0 372 False
106 переводить_корень 3 76 47 3 2 64 False
552 занять_поезд 8 32 73 4 2 256 False
105 реализовать_счет 1 70 82 7 0 188 False
191 наполнить_действие 10 72 49 1 0 63 False
904 посмотреть_сообщение 14 68 2000 0 0 -1 True
104 достигнуть_рождение 3 30 74 6 4 0 False
673 привлечь_здоровье 9 14 24 3 2 28 False
913 проявить_жилье 13 52 41 8 1 136 False
103 нарушить_опыт 1 27 94 8 2 219 False
230 простить_лед 9 78 67 7 3 308 False
604 связать_слой 16 0 27 3 1 177 False
902 расширить_счет 19 0 18000 0 0 -1 True
935 защитить_выпуск 20 56 84 5 2 0 False
989 прижать_акт 27 41 90 7 2 0 False
101 сделать_русский 1 29 85 6 2 204 False
99 посетить_ящик 2 23 64 6 3 0 False
98 охватить_нос 3 9 40 3 2 148 False
195 прекратить_мальчик 8 90 70 8 7 120 False
329 поразить_вкус 17 98 73000 0 0 -1 True
811 одеть_нарушение 29 94 0 5 0 124 False
97 направить_сравнение 3 7 75 1 0 111 False
358 подчеркнуть_исполнение 6 69 76 5 4 57 False
440 заявить_TRUE 12 85 87 0 0 376 False
492 посвятить_сентябрь 15 27 46000 0 0 -1 True
780 привести_последствие 17 16 14 3 2 120 False
845 выпустить_воспитание 20 41 20 2 0 392 False
95 совершить_войско 2 76 32 3 0 78 False
94 обойти_ремонт 1 93 83 8 4 285 False
93 повысить_оборудование 1 0 16 0 0 186 False
920 прекратить_зрение 12 10 91 0 0 104 False
92 разбудить_член 2 99 57 3 1 54 False
236 закончить_окно 7 0 70 9 3 340 False
730 прочитать_вариант 17 12 47 3 2 282 False
91 успокоить_бог 2 16 46 6 3 268 False
166 зарегистрировать_строительство 9 23 3 1 0 231 False
343 достать_кредит 10 24 86 5 0 0 False
586 провести_звук 17 4 12 7 2 148 False
90 арестовать_убийство 3 85 84000 0 0 -1 True
89 взять_живот 1 98 73 4 0 152 False
126 исследовать_производитель 6 0 56 4 2 140 False
459 рекомендовать_столик 12 31 93 9 2 188 False
558 принести_ответ 22 99 73 3 2 68 False
776 пустить_ветер 26 0 0 2 1 213 False
88 пояснить_рабочий 3 86 0 3 1 184 False
513 выпустить_житель 7 98 48 10 3 30 False
87 принять_ухо 1 71 44 9 6 120 False
581 предназначить_остров 11 89 77 2 1 392 False
86 выиграть_субъект 3 0 50 8 3 156 False
150 поймать_остаток 13 0 13 8 5 128 False
862 сложить_зуб 21 14 24 8 4 192 False
84 разработать_рубль 3 91 15 10 1 176 False
83 заполнить_глаз 2 60 19 2 0 120 False
381 принести_костюм 6 41 68000 0 0 -1 True
82 разбудить_мужчина 3 0 23 4 0 204 False
102 испытать_мнение 8 47 6 5 2 46 False
81 рассказать_обучение 1 45 38 8 0 4 False
80 заключить_содержание 1 38 39 9 7 255 False
554 обрести_нарушение 10 3 96000 0 0 -1 True
79 отказать_смех 1 41 70 5 1 316 False
399 попробовать_приказ 8 23 41 5 4 328 False
578 совершить_колесо 14 33 0 9 4 12 False
698 окончить_заместитель 24 57 85 6 1 48 False
78 проговорить_компьютер 1 7 52 1 0 172 False
861 выпить_памятник 2 84 17 8 2 198 False
77 полюбить_поворот 3 36 47000 0 0 -1 True
76 понести_молоко 3 54 36 3 0 180 False
686 выиграть_отделение 7 0 33000 0 0 -1 True
75 привести_слово 1 67 25 0 0 312 False
431 послать_конкурс 1 95 27 1 0 180 False
737 перенести_страх 8 4 18 1 0 123 False
74 признать_правда 3 11 10 6 0 364 False
964 отнести_наличие 9 1 53 9 5 368 False
72 повесить_октябрь 2 37 44 5 4 0 False
341 совершить_впечатление 8 52 0 7 1 396 False
595 подать_метр 15 34 28 1 0 118 False
732 обнять_берег 16 78 0 10 4 30 False
970 определить_количество 27 19 44 7 6 20 False
71 поглядеть_кусок 1 95 95 6 5 268 False
826 опубликовать_искусство 9 85 56 0 0 114 False
879 сформулировать_сотрудничество 39 31 98 10 0 176 False
70 родить_зуб 2 35 53000 0 0 -1 True
69 выпить_заместитель 3 86 42 7 5 0 False
530 принять_предприятие 12 53 61 8 3 0 False
770 обойти_число 22 67 52 2 1 168 False
68 задать_отец 2 53 43000 0 0 -1 True
275 продать_сочинение 4 0 95 6 2 12 False
688 засыпать_учреждение 12 84 46 8 4 22 False
914 повернуть_октябрь 21 58 4 7 0 172 False
67 счесть_бой 2 76 15 2 1 136 False
127 заставить_принцип 6 20 0 4 0 166 False
66 тронуть_лидер 3 59 30 6 4 120 False
264 захватить_образование 9 0 51 3 0 46 False
374 создать_материал 16 21 30 5 1 140 False
65 выпустить_образец 2 3 86000 0 0 -1 True
514 выбрать_знание 3 7 0 4 0 68 False
64 сложить_желание 1 0 53 5 3 48 False
85 обойти_участник 6 9 8 0 0 114 False
63 заплатить_принцип 1 62 32000 0 0 -1 True
148 исследовать_остаток 6 79 11 7 1 224 False
482 позволить_влияние 21 47 42 10 9 32 False
706 съесть_коридор 31 72 0 5 0 0 False
62 набрать_сведение 1 18 65 0 0 0 False
573 вытянуть_основное 12 83 32000 0 0 -1 True
60 освободить_враг 2 50 0 4 1 6 False
983 потребовать_направление 19 27 8000 0 0 -1 True
59 гарантировать_кандидат 3 71 40 6 2 51 False
906 заплакать_указание 17 0 40 10 7 285 False
58 проявить_обстоятельство 1 34 54 3 1 210 False
795 пробормотать_предел 5 77 78 3 2 0 False
57 связать_добро 2 33 11 2 1 288 False
815 назвать_мгновение 12 80 35000 0 0 -1 True
56 отобрать_дом 3 13 52 3 2 192 False
369 окружить_процент 7 0 0 1 0 0 False
685 обрести_расстояние 8 94 65 0 0 183 False
793 сократить_отдых 10 0 56 8 6 156 False
969 предположить_ощущение 22 11 0 2 0 40 False
972 набрать_аппарат 27 0 66000 0 0 -1 True
986 включить_день 37 46 58 5 3 90 False
55 принести_выпуск 1 76 13000 0 0 -1 True
100 налить_февраль 1 70 0 3 1 136 False
54 обеспечить_стиль 3 71 25 9 4 308 False
438 снять_комплекс 13 62 35 6 3 384 False
53 сбить_лоб 2 2 0 10 2 4 False
270 добавить_животное 14 36 52000 0 0 -1 True
606 пробормотать_брат 15 94 71 4 3 108 False
895 простить_молоко 28 1 95 4 1 15 False
52 подобрать_сознание 2 43 90 3 0 0 False
635 разрушить_союз 6 71 31 10 3 201 False
700 продать_пакет 18 67 9000 0 0 -1 True
754 выявить_подарок 18 81 69 5 1 128 False
783 предусмотреть_обязательство 23 82 49 0 0 72 False
844 испытать_этаж 24 18 7 2 1 20 False
880 прошептать_вещество 27 6 60 7 0 231 False
944 попробовать_солнце 34 61 0 0 0 162 False
51 создать_дождь 2 63 42 7 2 264 False
202 потрясти_сентябрь 10 0 92 1 0 288 False
665 указать_факт 31 0 29 3 0 292 False
814 обозначить_повод 34 9 74 5 2 264 False
50 заходить_снег 2 0 82 9 7 224 False
355 заключить_зал 14 97 0 4 2 236 False
648 нарушить_автомобиль 19 76 13 3 1 0 False
49 отпустить_праздник 3 72 6 4 2 3 False
128 выиграть_телевизор 7 92 38000 0 0 -1 True
545 предупредить_генерал 8 93 62 2 0 106 False
701 довести_хвост 12 39 58000 0 0 -1 True
48 взять_основное 3 2 0 8 4 111 False
47 довести_оружие 3 4 44 6 1 164 False
353 обрести_срок 9 63 72 1 0 60 False
46 разобрать_имя 2 27 59 0 0 344 False
621 спасти_март 11 8 29 0 0 258 False
45 использовать_парень 2 71 0 0 0 213 False
833 выдержать_москвич 3 34 8 0 0 148 False
44 выглядеть_преступление 1 67 55 3 0 192 False
947 отказать_появление 6 47 42 6 3 0 False
978 доставить_ученик 24 85 26 4 2 33 False
43 приготовить_папа 1 44 0 7 3 320 False
96 подписать_жилье 9 72 58 9 5 44 False
636 продать_том 19 87 50 2 0 288 False
760 установить_эксперимент 30 69 64000 0 0 -1 True
804 сломать_счет 30 0 27 4 2 132 False
908 закурить_угол 36 88 99 7 5 90 False
927 обмануть_немец 45 79 76000 0 0 -1 True
949 пожалеть_голос 46 37 38 4 1 388 False
974 разработать_будущее 51 36 49 0 0 104 False
42 выглядеть_орган 2 0 49 7 6 164 False
848 сбросить_солнце 12 79 78 1 0 228 False
959 поддержать_ожидание 21 20 99 6 0 40 False
41 успокоить_продукт 1 60 25000 0 0 -1 True
658 понять_нож 21 25 85000 0 0 -1 True
40 завершить_препарат 2 99 39 2 0 168 False
322 представить_параметр 5 30 0 3 1 76 False
590 покинуть_состояние 10 87 48 9 7 186 False
901 прочитать_компьютер 19 31 15000 0 0 -1 True
962 перенести_аппарат 20 86 98 9 3 78 False
39 выносить_актер 2 90 68000 0 0 -1 True
336 показать_налог 5 3 77 0 0 324 False
644 произнести_обязательство 6 27 0 2 1 88 False
38 обеспечить_дворец 1 36 0 8 7 308 False
139 выбрать_продукт 10 23 10 8 2 372 False
383 повезти_крыло 20 90 83 7 3 0 False
787 описать_костюм 29 41 10 0 0 228 False
807 рассчитать_канал 29 32 34 1 0 294 False
945 пояснить_лицо 31 0 76000 0 0 -1 True
953 посоветовать_номер 31 0 94 2 1 120 False
37 сбить_чувство 2 33 70000 0 0 -1 True
602 отвести_появление 11 6 22 1 0 18 False
779 купить_обучение 12 1 85 6 5 112 False
946 связать_знание 18 0 27000 0 0 -1 True
961 напомнить_жилье 34 30 71 2 1 36 False
36 посадить_государство 2 40 44 9 5 116 False
626 захватить_детство 13 12 0 6 5 0 False
35 подготовить_существование 2 72 92 1 0 138 False
447 доказать_определение 5 26 59 4 1 192 False
842 съесть_сапог 32 51 67 3 2 78 False
34 напомнить_язык 1 55 28000 0 0 -1 True
433 наполнить_достоинство 12 12 14 6 1 246 False
738 вынести_музей 19 75 21 9 8 255 False
849 потерять_друг 28 62 31 9 0 40 False
860 выбрать_шанс 39 83 37 9 1 48 False
33 взять_солнце 3 2 89 4 3 0 False
185 предложить_коммунист 9 53 72 3 1 0 False
346 рассказать_стекло 13 68 69 6 5 108 False
434 обойти_страх 19 96 54 7 0 62 False
808 построить_корень 26 89 56 1 0 219 False
966 перебить_произведение 36 71 76 0 0 148 False
984 определить_лидер 37 98 81 9 4 16 False
32 выдержать_род 2 23 25 5 2 124 False
31 прикрыть_случай 2 0 0 4 1 120 False
535 подписать_прокурор 8 8 37 7 2 0 False
695 убедить_союз 15 6 55 5 3 207 False
30 счесть_класс 1 15 59 3 2 12 False
189 вытянуть_качество 4 18 88 4 1 172 False
29 объяснить_акт 3 15 31 4 2 348 False
918 заговорить_дыхание 12 78 8 5 2 56 False
939 обмануть_ремонт 18 10 59 10 7 300 False
28 предъявить_предложение 2 95 48000 0 0 -1 True
873 подхватить_кино 11 89 95 9 3 0 False
27 расположить_разрешение 1 0 42000 0 0 -1 True
422 проговорить_процесс 1 5 60000 0 0 -1 True
579 поцеловать_будущее 5 0 0 4 1 142 False
867 перенести_час 11 1 66 0 0 164 False
896 упомянуть_металл 21 63 31 2 1 50 False
26 включить_предложение 1 16 25 0 0 4 False
25 спросить_фильм 3 0 64 10 7 68 False
643 выглядеть_звук 15 86 58 4 3 88 False
755 заложить_предмет 20 0 58 0 0 120 False
883 оторвать_суд 20 26 27000 0 0 -1 True
24 расстрелять_риск 3 9 79 3 1 56 False
386 подготовить_хлеб 8 77 88 5 2 164 False
741 вынудить_губернатор 18 99 66 9 4 111 False
750 задержать_поворот 28 90 90 9 1 90 False
829 превратить_автобус 39 87 14000 0 0 -1 True
888 заложить_москвич 39 41 4 3 0 112 False
955 организовать_заседание 43 14 82 3 0 48 False
23 включить_выступление 1 51 1 6 3 192 False
22 послать_зрение 1 20 2 3 2 72 False
494 включить_вывод 4 0 56 6 1 304 False
614 выставить_ощущение 12 49 17 3 0 52 False
785 назначить_изображение 17 20 11000 0 0 -1 True
898 сломать_вагон 51 44 56 2 0 0 False
21 выпустить_инженер 1 30 81 10 3 90 False
290 поглядеть_рождение 13 70 55 7 0 356 False
415 оформить_строй 21 0 68 10 0 30 False
897 подписать_сигнал 31 0 95 2 1 132 False
899 счесть_развитие 35 80 57 0 0 183 False
932 упомянуть_воздействие 37 13 40 7 6 272 False
20 объявить_список 3 68 78 1 0 81 False
582 посетить_заключение 6 72 86 5 4 0 False
852 украсть_суть 21 78 53 0 0 6 False
975 завести_солдат 23 49 86 6 0 0 False
980 спросить_папа 31 88 53 4 0 273 False
19 утвердить_ключ 3 65 57 10 6 186 False
697 сказать_страх 15 0 59 3 2 72 False
940 начать_участок 19 25 47 6 2 57 False
943 позвать_костюм 26 60 60000 0 0 -1 True
18 рассказать_отсутствие 2 96 21 10 9 0 False
61 передавать_мир 14 33 0 5 3 288 False
73 построить_предел 20 66 40 10 8 244 False
683 пустить_налог 32 76 59 6 2 54 False
850 заслужить_сотрудник 40 36 10 2 1 243 False
915 занять_декабрь 44 0 76 0 0 183 False
938 изложить_запас 55 22 97 1 0 38 False
17 развести_комплекс 3 44 33 10 6 50 False
681 снять_поле 15 18 83 9 3 294 False
719 тронуть_университет 26 44 69 4 1 372 False
885 напечатать_лидер 32 22 81000 0 0 -1 True
924 обнять_корень 39 38 98 10 5 12 False
937 запомнить_журналист 50 44 16 10 8 40 False
16 заплатить_зуб 1 51 2 10 6 80 False
425 вынести_страх 11 60 44 7 2 64 False
15 перенести_хлеб 3 90 50 0 0 0 False
323 вынудить_зрение 5 74 31 10 0 154 False
417 отменить_колесо 15 15 77 2 0 184 False
991 допустить_чтение 33 0 49 4 0 8 False
14 уничтожить_билет 1 59 81 1 0 243 False
261 прочесть_глаз 8 0 35 10 1 0 False
13 выяснить_лев 3 21 5 1 0 228 False
985 захотеть_период 47 71 57000 0 0 -1 True
987 одеть_водитель 49 95 71 0 0 172 False
12 продолжить_брак 2 48 3000 0 0 -1 True
893 потерять_дурак 26 42 80 5 0 228 False
958 утратить_село 31 65 72 5 0 72 False
11 принести_объем 2 79 38 6 1 40 False
251 сменить_появление 8 78 45 3 2 174 False
584 заполнить_опыт 12 50 47000 0 0 -1 True
866 подождать_отличие 29 70 33 10 0 46 False
930 разбудить_июнь 40 98 0 9 5 340 False
10 сократить_устройство 2 48 62000 0 0 -1 True
223 распространить_рубль 2 37 69000 0 0 -1 True
743 открыть_указание 21 52 79 10 8 32 False
745 простить_учреждение 31 8 39 0 0 0 False
889 доставить_молоко 32 91 55 5 3 204 False
942 собрать_усилие 48 0 82 3 2 180 False
948 защитить_показатель 52 2 0 5 2 178 False
952 заключить_пост 58 24 81 3 2 88 False
9 ранить_издание 3 54 52 5 4 270 False
8 подарить_месяц 2 17 37 8 2 124 False
184 поручить_коммунист 12 81 70 4 3 216 False
557 схватить_шанс 23 88 33 5 4 78 False
7 предположить_размер 3 17 75 2 0 38 False
198 полюбить_эксперт 7 32 20 1 0 276 False
839 протянуть_дно 12 0 61 7 1 177 False
910 позвать_студент 21 78 14 8 3 54 False
6 уничтожить_число 2 66 34 5 3 141 False
193 посетить_орган 9 15 74 5 4 240 False
200 призвать_утро 14 52 49 10 5 182 False
375 набрать_бог 26 20 34000 0 0 -1 True
624 подарить_отношение 26 42 8 10 7 96 False
696 оказать_дыхание 37 19 72 10 7 0 False
749 достать_дно 47 7 7000 0 0 -1 True
831 ударить_руководство 48 4 73000 0 0 -1 True
891 отказать_чтение 50 6 54000 0 0 -1 True
979 раскрыть_понятие 50 0 4 4 3 246 False
982 обнаружить_отдел 56 0 97000 0 0 -1 True
5 подхватить_объем 2 99 0 9 7 10 False
365 потребовать_занятие 13 0 86 3 0 312 False
519 услышать_увеличение 18 15 78 9 7 144 False
847 перенести_состав 29 13 65 1 0 140 False
998 отменить_отдых 60 4 94 4 3 0 False
4 спросить_курс 2 61 26000 0 0 -1 True
359 прожить_клуб 12 25 0 5 2 279 False
740 выдать_целое 17 98 74000 0 0 -1 True
856 поглядеть_песок 25 94 0 1 0 28 False
957 заходить_нос 34 31 28000 0 0 -1 True
976 положить_вопрос 58 5 18 1 0 0 False
3 потрясти_дело 2 15 37 2 0 279 False
655 обещать_объединение 6 20 63 0 0 3 False
778 определить_храм 8 19 90000 0 0 -1 True
796 услышать_подразделение 8 63 45 7 6 0 False
886 ограничить_вход 21 54 94000 0 0 -1 True
916 защитить_пространство 22 0 3 5 1 44 False
990 оторвать_лед 52 18 54 3 0 300 False
994 перейти_пример 56 31 90 2 1 280 False
2 включить_действие 2 47 3 8 2 372 False
524 охватить_событие 12 80 76 5 0 296 False
691 пожать_сон 19 98 0 8 3 228 False
967 обрести_влияние 51 63 53 9 8 0 False
988 перебить_чай 61 56 84000 0 0 -1 True
996 достать_двор 61 29 23000 0 0 -1 True
1 свести_выпуск 2 92 84 9 5 0 False
325 поглядеть_животное 11 66 44 1 0 237 False
812 сформулировать_покой 12 28 74000 0 0 -1 True
968 совершить_кофе 23 76 24 4 1 24 False
971 ранить_бизнес 27 89 97 6 4 296 False
981 спасти_изображение 52 22 0 7 0 194 False
992 поставить_исполнение 59 49 56 10 0 340 False
0 разработать_преступление 1 39 0 9 2 285 False
797 назначить_молоко 19 0 7 8 5 40 False
965 исходить_эксперт 28 16 3 6 5 174 False
997 объяснить_создание 70 39 27 7 3 40 False
999 заполнить_продукт 78 64 86 8 1 150 False
1000 взять_талант 88 76 38 3 2 164 False
1000
0 797
797 965
1 325
325 812
2 524
524 691
3 655
655 778
4 359
359 740
5 365
365 519
6 193
193 200
7 198
198 839
8 184
184 557
9 797
10 223
223 743
11 251
251 584
12 893
893 958
13 985
985 987
14 261
261 976
15 323
323 417
16 425
425 987
17 681
681 719
18 61
61 73
19 697
697 940
20 582
582 852
21 290
290 415
22 494
494 614
23 681
24 386
386 741
25 643
643 755
26 743
743 745
27 422
422 579
28 873
873 987
29 918
918 939
30 189
189 325
31 535
535 695
32 940
940 943
33 185
185 346
34 433
433 738
35 447
447 842
36 626
626 743
37 602
602 779
38 139
139 383
39 336
336 644
40 322
322 590
41 658
658 829
42 848
848 959
43 96
96 636
44 947
947 978
45 833
833 942
46 621
621 893
47 353
353 557
48 966
966 984
49 128
128 545
50 355
355 648
51 202
202 665
52 635
635 700
53 270
270 606
54 438
438 743
55 100
100 932
56 369
369 685
57 815
815 918
58 795
795 978
59 906
906 948
60 983
983 987
73 683
62 573
573 969
63 148
148 482
64 85
85 325
65 514
514 997
66 264
264 374
67 127
127 359
68 275
275 688
69 530
530 770
70 889
889 942
71 826
826 879
72 341
341 595
683 850
74 964
964 968
75 431
431 737
76 686
686 745
77 867
867 896
78 861
861 940
79 399
399 578
80 554
554 770
81 185
82 102
102 976
83 381
381 737
84 624
624 696
86 150
150 862
87 581
581 883
88 513
513 957
89 126
126 459
90 1000
91 166
166 343
92 236
236 730
93 920
920 971
94 852
852 975
95 581
636 760
97 358
358 440
98 195
195 329
99 779
779 946
932 937
101 741
741 750
976 988
103 230
230 604
104 673
673 913
105 191
191 904
106 552
552 749
107 491
491 632
108 492
492 780
109 355
110 760
760 804
111 276
276 304
112 148
113 835
835 842
114 846
846 892
115 396
396 945
116 285
285 823
117 583
583 590
118 622
622 773
119 199
199 797
120 621
121 610
610 922
122 356
356 898
123 203
203 405
124 943
943 999
125 282
282 608
459 558
545 701
129 740
740 856
130 389
389 516
131 736
736 767
132 533
533 701
133 453
453 458
134 745
745 889
135 645
645 726
136 490
490 994
137 384
384 966
138 376
376 587
383 787
140 818
818 899
141 739
739 828
142 395
395 803
143 996
996 997
144 733
733 884
145 326
326 432
146 978
978 982
147 799
799 840
482 706
149 322
862 937
151 464
464 757
152 944
944 966
153 723
723 940
154 571
571 854
155 786
786 798
156 236
157 452
452 557
158 406
406 677
159 167
167 566
160 464
161 316
316 913
162 455
455 524
163 488
488 909
164 443
443 561
165 486
486 918
343 586
566 713
168 433
169 542
542 629
170 876
876 921
171 206
206 695
172 490
173 429
429 581
174 888
888 955
175 947
176 679
679 898
177 273
273 904
178 864
864 922
179 454
454 882
180 463
463 906
181 934
934 992
182 522
522 879
183 203
557 981
346 434
186 873
187 794
794 886
188 432
432 606
190 920
904 988
192 929
929 937
200 375
194 335
335 718
329 811
196 833
197 261
839 910
375 624
201 303
303 610
665 814
405 476
204 837
837 872
205 656
656 721
695 886
207 503
503 708
208 287
287 709
209 428
428 530
210 869
869 958
211 308
308 443
212 463
213 531
531 588
214 914
914 1000
215 672
672 760
216 574
574 991
217 384
218 961
961 966
219 353
220 343
221 339
339 901
222 307
307 416
224 377
377 393
225 543
543 740
226 443
227 705
705 811
228 729
729 889
229 264
604 902
231 310
310 871
232 907
907 948
233 272
272 557
234 836
836 992
235 442
442 749
730 896
237 689
689 822
238 638
638 807
239 413
413 765
240 994
994 999
241 966
242 403
403 981
243 278
278 666
244 349
349 602
245 482
246 325
247 469
469 579
248 361
361 864
249 280
280 928
250 811
811 990
584 866
252 510
510 955
253 781
781 943
254 815
255 809
809 941
256 658
257 755
755 883
258 847
847 998
259 290
260 610
262 269
269 374
263 874
874 986
374 482
265 803
803 827
266 406
267 324
324 670
268 718
718 887
606 895
271 593
593 741
274 949
949 974
688 914
304 929
277 806
806 970
666 983
279 560
560 979
928 994
281 487
487 852
608 658
283 527
527 880
284 551
551 781
823 935
286 508
508 653
709 745
288 855
855 971
289 814
814 924
415 897
291 729
292 420
420 562
293 935
935 989
294 433
295 572
572 811
296 628
628 640
297 678
678 918
298 731
731 809
299 336
300 627
627 681
301 942
942 948
302 550
550 618
305 612
612 850
306 645
416 966
309 392
392 401
871 902
311 355
312 602
313 479
479 933
314 856
856 957
315 467
467 623
913 927
317 487
318 775
775 1000
319 924
924 937
320 367
367 808
321 847
590 901
417 991
670 705
812 968
327 846
328 368
368 512
330 596
596 876
331 747
747 934
332 495
495 912
333 500
500 620
334 582
644 867
337 975
975 980
338 453
901 962
340 614
614 785
595 732
342 581
586 856
344 556
556 881
345 358
434 808
347 734
734 745
348 387
387 937
350 597
597 658
351 724
724 867
352 528
528 812
354 556
648 979
898 938
357 438
440 492
360 887
887 941
362 716
716 777
363 507
507 610
364 834
834 892
519 847
366 730
808 966
512 868
685 793
370 434
371 677
677 972
372 397
397 977
373 847
587 854
393 712
378 827
827 944
379 926
926 927
380 702
702 802
737 793
382 517
517 971
787 807
385 991
991 992
937 998
388 389
516 809
390 963
963 995
391 485
485 931
401 788
712 961
394 577
577 981
945 953
977 979
398 925
925 927
578 698
400 459
788 968
402 854
854 930
981 992
404 581
476 665
407 875
875 978
408 501
501 770
409 769
769 961
410 783
783 844
411 573
412 477
477 478
765 959
414 935
897 899
418 770
770 893
419 638
562 703
421 731
579 867
423 694
694 925
424 506
506 719
987 996
426 662
662 786
427 651
651 965
430 459
738 849
435 534
534 892
436 978
437 549
549 646
439 859
859 874
441 458
458 662
749 831
561 862
444 634
634 965
445 477
446 530
842 996
448 712
449 946
946 961
450 939
939 994
451 628
882 955
456 549
457 749
558 776
460 546
546 629
461 876
462 654
654 736
757 830
465 496
496 886
466 834
623 980
468 915
915 938
470 524
471 920
472 758
758 862
473 671
671 868
474 539
539 608
475 902
902 935
478 986
986 1000
933 956
480 857
857 984
481 679
706 831
483 600
600 747
484 519
931 979
909 931
489 919
919 942
632 941
780 845
493 498
498 703
912 952
886 916
497 527
703 993
499 613
613 961
620 677
502 629
629 682
708 906
504 726
726 949
505 962
962 987
719 885
653 766
509 986
955 982
511 582
868 936
957 976
997 999
515 703
971 981
518 791
791 841
520 886
521 573
879 898
523 682
682 895
691 967
525 730
526 731
880 944
529 755
588 835
532 907
701 987
892 933
536 922
922 995
537 565
565 815
538 917
917 970
540 955
541 699
699 817
544 908
908 927
547 867
548 736
646 710
618 959
553 916
916 990
555 783
881 969
776 866
559 634
979 982
563 778
778 796
564 985
713 739
567 843
843 865
568 762
762 977
569 707
707 801
570 768
768 916
969 972
575 587
576 881
698 760
580 658
883 996
866 930
585 735
735 952
589 854
591 798
798 982
592 695
594 876
732 970
598 954
954 970
599 793
793 969
601 669
669 921
603 830
830 898
605 979
895 961
607 937
609 805
805 818
611 956
956 981
850 915
785 898
615 680
680 749
616 891
891 979
617 720
720 977
959 991
619 639
639 646
773 828
980 1000
696 749
625 965
965 997
640 668
630 998
998 1000
631 689
941 957
633 677
700 754
637 878
878 924
807 945
668 999
641 930
930 967
642 934
710 843
647 711
711 812
649 698
650 794
652 657
657 915
766 797
721 939
829 888
659 714
714 910
660 832
832 848
661 691
663 995
995 999
664 749
667 696
999 1000
921 986
674 819
819 951
675 898
676 690
690 994
972 986
684 723
687 864
822 983
967 988
692 901
693 771
771 972
817 963
754 783
802 884
993 994
704 780
831 891
801 825
910 990
715 785
777 839
717 858
858 990
885 924
722 835
725 996
727 868
728 919
896 994
970 987
884 965
952 996
767 891
849 860
828 879
750 829
742 787
744 811
746 896
748 813
813 829
751 852
752 831
753 878
756 774
774 931
759 769
804 908
761 943
763 831
764 926
772 801
796 886
845 979
782 842
844 880
784 804
968 971
789 897
790 853
853 865
841 966
792 816
816 950
982 994
840 978
800 907
825 970
810 869
990 994
950 997
899 932
951 996
820 943
821 987
824 885
992 997
872 992
838 853
865 936
860 942
851 859
984 985
863 895
936 979
958 998
870 982
877 996
890 971
894 958
938 976
900 928
903 971
988 996
905 955
948 952
927 949
911 961
923 946
989 990
953 991
974 990
960 984
973 980
